DecisionTree : 0.989800649049606
RandomForest : 0.99365438108484
Adaboost : 0.984034538711173
GradientBoosting : 0.9884967547519703
GNB : 0.7030018544274456
LinearRegression : 0.573107618370993
